 Episode      Step   Epsilon     MeanReward     MeanLength       MeanLoss     MeanQValue      TimeDelta                Time
       0       120     1.000        595.000        120.000          0.000          0.000          0.749 2026-05-27T15:48:31
      20      4361     0.999        669.286        207.667          0.000          0.000         30.891 2026-05-27T15:49:02
      40     10914     0.997        737.780        266.195          0.236          0.121         50.049 2026-05-27T15:49:52
      60     14522     0.996        687.230        238.066          0.334          1.031         29.402 2026-05-27T15:50:22
      80     17046     0.996        645.284        210.444          0.354          1.544         20.651 2026-05-27T15:50:42
     100     20877     0.995        632.310        207.570          0.372          1.985         33.131 2026-05-27T15:51:15
     120     24650     0.994        621.890        202.890          0.467          3.194         36.284 2026-05-27T15:51:52
     140     28808     0.993        598.920        178.940          0.455          4.378         36.238 2026-05-27T15:52:28
     160     31831     0.992        606.080        173.090          0.448          5.411         24.854 2026-05-27T15:52:53
     180     36221     0.991        632.990        191.750          0.460          6.601         41.707 2026-05-27T15:53:34
     200     41880     0.990        681.730        210.030          0.475          7.752         54.061 2026-05-27T15:54:29
     220     45413     0.989        675.920        207.630          0.500          8.751         31.202 2026-05-27T15:55:00
     240     49383     0.988        657.100        205.750          0.531          9.748         37.606 2026-05-27T15:55:37
     260     54130     0.987        678.270        222.990          0.557         10.705         45.678 2026-05-27T15:56:23
     280     58937     0.985        681.220        227.160          0.584         11.476         51.555 2026-05-27T15:57:15
     300     63612     0.984        650.820        217.320          0.624         12.456         51.646 2026-05-27T15:58:06
